4748223419356
4199170077393
4708982823967
7134636426458
1251884400697
2454655964314
9485148957090
3772293476104
4706097465080
0262739986549
5040100455450
7247102269504
7728539436122
9556554152555
8625760711127
6659951387106
0090357521058
9010907935146
3370377743804
4329081870882
2114946212661
8918719228539
5648421329931
3520730987878
2804811020106
5772148193640
9129126057259
5009653498961
8834618928886
2711588694310
1451923924150
3914363360859
6130071435813
3289895652307
7895500623333
0072009385721
1479245761169
3706708297568
8264338212111
1051139390840
2335896472766
2819766425890
4767362722910
2182240736654
6072583372349
1833994179564
8335424458995
1313517673489
9768578444401
1529670975265
8319871569869
4818269553452
1942870036287
2856251976489
4508201016212
1062223222721
6261795222861
2435101075605
5980950750459
8263359561742
7769432838383
4358520265874
2174047341143
6640553362747
7338354878441
2088605765650
4910723135085
5523196392540
4850169574142
1991042720790
5941866216169
3089874860025
5609467317935
7198926392666
4815073652641
1263305903853
2375528838034
7622915732962
3947260438000
0697669729789
1838621118856
4692180519684
4358895557107
3667219768835
0640862447140
3007925394263
5423805304493
1743124301626
9609425264856
2928117746629
4479589972623
7463665284427
1788630377952
0575605642812
2450305461792
9685597645730
8080363938164
4262792847521
9121366793353
7302733458218
