6.623971e-08 1.052299e+00
9.017411e-05 1.046475e+00
3.424751e-03 1.005741e+00
3.923144e-03 9.939395e-01
3.930304e-03 9.768932e-01
7.592518e-03 9.722339e-01
1.078388e-02 9.583894e-01
1.078944e-02 9.367491e-01
1.294827e-02 9.242248e-01
2.519498e-02 9.194716e-01
2.858777e-02 8.930315e-01
3.098797e-02 8.766620e-01
3.459041e-02 8.506437e-01
3.804561e-02 8.445303e-01
4.455781e-02 8.254094e-01
4.975929e-02 8.127830e-01
5.770808e-02 7.997359e-01
6.448786e-02 7.975517e-01
6.818200e-02 7.925916e-01
8.462095e-02 7.871168e-01
8.611516e-02 7.863661e-01
8.997415e-02 7.751664e-01
9.347235e-02 7.626149e-01
9.445985e-02 7.326984e-01
1.039211e-01 7.299263e-01
1.086241e-01 7.203461e-01
1.179850e-01 7.019619e-01
1.296818e-01 6.925945e-01
1.366903e-01 6.750268e-01
1.414588e-01 6.689637e-01
1.504961e-01 6.451925e-01
1.758702e-01 6.388576e-01
1.769091e-01 6.329722e-01
1.813809e-01 6.152961e-01
1.848737e-01 6.122934e-01
1.933220e-01 6.010316e-01
1.947605e-01 5.991141e-01
2.133335e-01 5.900320e-01
2.263969e-01 5.832664e-01
2.357350e-01 5.797179e-01
2.409811e-01 5.493511e-01
2.451572e-01 5.397412e-01
2.479293e-01 5.376945e-01
2.591997e-01 5.176963e-01
2.696708e-01 5.117587e-01
3.240891e-01 4.779743e-01
3.243996e-01 4.571306e-01
3.674838e-01 4.387581e-01
3.685347e-01 4.242078e-01
3.794056e-01 4.167652e-01
3.894954e-01 4.126492e-01
4.000985e-01 3.993431e-01
4.313622e-01 3.819730e-01
4.429758e-01 3.761794e-01
4.495177e-01 3.760859e-01
4.512166e-01 3.650713e-01
4.658166e-01 3.391893e-01
4.954617e-01 3.294637e-01
5.099668e-01 3.142344e-01
5.122593e-01 3.066725e-01
5.352644e-01 3.046656e-01
5.440698e-01 2.933686e-01
5.586274e-01 2.892323e-01
5.606142e-01 2.849422e-01
5.771753e-01 2.757558e-01
5.812956e-01 2.744640e-01
5.972087e-01 2.602618e-01
6.131966e-01 2.597423e-01
6.158448e-01 2.455637e-01
6.177810e-01 2.398673e-01
6.518386e-01 2.214307e-01
6.541311e-01 2.139707e-01
6.755751e-01 2.046207e-01
7.018609e-01 1.908975e-01
7.065320e-01 1.862223e-01
7.462932e-01 1.678245e-01
7.573466e-01 1.547798e-01
7.755831e-01 1.537984e-01
7.821799e-01 1.487994e-01
8.043207e-01 1.472580e-01
8.052100e-01 1.322388e-01
8.263689e-01 1.278893e-01
8.333111e-01 1.154391e-01
8.494124e-01 1.011338e-01
8.696683e-01 9.787432e-02
8.783349e-01 8.230421e-02
9.072182e-01 7.959181e-02
9.143358e-01 7.452779e-02
9.162673e-01 6.906382e-02
9.382344e-01 5.978702e-02
9.459517e-01 4.956269e-02
9.478301e-01 4.150501e-02
9.667816e-01 3.942770e-02
9.762397e-01 3.262671e-02
9.820881e-01 3.020751e-02
9.879746e-01 2.735102e-02
9.892998e-01 2.723842e-02
9.901917e-01 2.643888e-02
9.928645e-01 2.524532e-02
