0.12345
0.86074
0.29133
0.91144
0.49348
0.38368
0.59227
0.32783
0.88250
0.92752
0.18427
0.92816
0.55345
0.50908
0.37858
0.42192
0.17435
0.71346
0.94443
0.76397
0.98807
0.22245
0.13669
0.20237
0.14933
0.90365
0.15006
0.58934
0.78414
0.48839
0.31492
0.70220
0.48570
0.90774
0.62410
0.42827
0.18732
0.92953
0.01590
0.14704
0.59835
0.33363
0.30464
0.68538
0.62200
0.61715
0.70186
0.59542
0.39604
0.82498
0.76336
0.10791
0.09104
0.01050
0.31175
0.54271
0.82186
0.26969
0.01532
0.10172
0.32252
0.07318
0.49522
0.99127
0.59597
0.82870
0.91723
0.20670
0.22254
0.80090
0.18329
0.94098
0.88281
0.03806
0.59954
0.67559
0.51900
0.65703
0.26667
0.97961
0.18305
0.94903
0.89944
0.14765
0.63167
0.68023
0.77007
0.01965
0.06729
0.80746
0.56856
0.07837
0.96860
0.26496
0.25816
0.71636
0.90771
0.36589
0.35051
0.57112
